{
 "cells": [
  {
   "cell_type": "code",
   "execution_count": 10,
   "metadata": {},
   "outputs": [],
   "source": [
    "import pandas as pd\n",
    "from sklearn.model_selection import cross_val_score\n",
    "from sklearn.model_selection import train_test_split\n",
    "from sklearn.svm import SVC"
   ]
  },
  {
   "cell_type": "code",
   "execution_count": 2,
   "metadata": {},
   "outputs": [
    {
     "name": "stdout",
     "output_type": "stream",
     "text": [
      "<class 'pandas.core.frame.DataFrame'>\n",
      "RangeIndex: 891 entries, 0 to 890\n",
      "Data columns (total 12 columns):\n",
      " #   Column       Non-Null Count  Dtype  \n",
      "---  ------       --------------  -----  \n",
      " 0   PassengerId  891 non-null    int64  \n",
      " 1   Survived     891 non-null    int64  \n",
      " 2   Pclass       891 non-null    int64  \n",
      " 3   Name         891 non-null    object \n",
      " 4   Sex          891 non-null    object \n",
      " 5   Age          714 non-null    float64\n",
      " 6   SibSp        891 non-null    int64  \n",
      " 7   Parch        891 non-null    int64  \n",
      " 8   Ticket       891 non-null    object \n",
      " 9   Fare         891 non-null    float64\n",
      " 10  Cabin        204 non-null    object \n",
      " 11  Embarked     889 non-null    object \n",
      "dtypes: float64(2), int64(5), object(5)\n",
      "memory usage: 83.7+ KB\n"
     ]
    }
   ],
   "source": [
    "df = pd.read_csv('train.csv')\n",
    "df.info()"
   ]
  },
  {
   "cell_type": "code",
   "execution_count": 4,
   "metadata": {},
   "outputs": [
    {
     "name": "stdout",
     "output_type": "stream",
     "text": [
      "<class 'pandas.core.frame.DataFrame'>\n",
      "Int64Index: 889 entries, 0 to 890\n",
      "Data columns (total 12 columns):\n",
      " #   Column       Non-Null Count  Dtype  \n",
      "---  ------       --------------  -----  \n",
      " 0   PassengerId  889 non-null    int64  \n",
      " 1   Survived     889 non-null    int64  \n",
      " 2   Pclass       889 non-null    int64  \n",
      " 3   Name         889 non-null    object \n",
      " 4   Sex          889 non-null    int64  \n",
      " 5   Age          889 non-null    float64\n",
      " 6   SibSp        889 non-null    int64  \n",
      " 7   Parch        889 non-null    int64  \n",
      " 8   Ticket       889 non-null    object \n",
      " 9   Fare         889 non-null    float64\n",
      " 10  Cabin        202 non-null    object \n",
      " 11  Embarked     889 non-null    int64  \n",
      "dtypes: float64(2), int64(7), object(3)\n",
      "memory usage: 90.3+ KB\n"
     ]
    }
   ],
   "source": [
    "data = df.copy()\n",
    "data = data.dropna(subset=['Embarked'])\n",
    "data['Sex'] = data['Sex'].map({'male':0, 'female':1}).astype('int64')\n",
    "data['Embarked'] = data['Embarked'].map({'S':0, 'C':2, 'Q':1}).astype('int64')\n",
    "data['Age'] = data['Age'].fillna(data['Age'].median())\n",
    "data.info()"
   ]
  },
  {
   "cell_type": "code",
   "execution_count": 5,
   "metadata": {},
   "outputs": [
    {
     "data": {
      "text/html": [
       "<div>\n",
       "<style scoped>\n",
       "    .dataframe tbody tr th:only-of-type {\n",
       "        vertical-align: middle;\n",
       "    }\n",
       "\n",
       "    .dataframe tbody tr th {\n",
       "        vertical-align: top;\n",
       "    }\n",
       "\n",
       "    .dataframe thead th {\n",
       "        text-align: right;\n",
       "    }\n",
       "</style>\n",
       "<table border=\"1\" class=\"dataframe\">\n",
       "  <thead>\n",
       "    <tr style=\"text-align: right;\">\n",
       "      <th></th>\n",
       "      <th>PassengerId</th>\n",
       "      <th>Survived</th>\n",
       "      <th>Pclass</th>\n",
       "      <th>Sex</th>\n",
       "      <th>Age</th>\n",
       "      <th>SibSp</th>\n",
       "      <th>Parch</th>\n",
       "      <th>Fare</th>\n",
       "      <th>Embarked</th>\n",
       "    </tr>\n",
       "  </thead>\n",
       "  <tbody>\n",
       "    <tr>\n",
       "      <th>PassengerId</th>\n",
       "      <td>1.000000</td>\n",
       "      <td>-0.005028</td>\n",
       "      <td>-0.035330</td>\n",
       "      <td>-0.043136</td>\n",
       "      <td>0.031319</td>\n",
       "      <td>-0.057686</td>\n",
       "      <td>-0.001657</td>\n",
       "      <td>0.012703</td>\n",
       "      <td>-0.013166</td>\n",
       "    </tr>\n",
       "    <tr>\n",
       "      <th>Survived</th>\n",
       "      <td>-0.005028</td>\n",
       "      <td>1.000000</td>\n",
       "      <td>-0.335549</td>\n",
       "      <td>0.541585</td>\n",
       "      <td>-0.069822</td>\n",
       "      <td>-0.034040</td>\n",
       "      <td>0.083151</td>\n",
       "      <td>0.255290</td>\n",
       "      <td>0.169718</td>\n",
       "    </tr>\n",
       "    <tr>\n",
       "      <th>Pclass</th>\n",
       "      <td>-0.035330</td>\n",
       "      <td>-0.335549</td>\n",
       "      <td>1.000000</td>\n",
       "      <td>-0.127741</td>\n",
       "      <td>-0.336512</td>\n",
       "      <td>0.081656</td>\n",
       "      <td>0.016824</td>\n",
       "      <td>-0.548193</td>\n",
       "      <td>-0.164681</td>\n",
       "    </tr>\n",
       "    <tr>\n",
       "      <th>Sex</th>\n",
       "      <td>-0.043136</td>\n",
       "      <td>0.541585</td>\n",
       "      <td>-0.127741</td>\n",
       "      <td>1.000000</td>\n",
       "      <td>-0.086506</td>\n",
       "      <td>0.116348</td>\n",
       "      <td>0.247508</td>\n",
       "      <td>0.179958</td>\n",
       "      <td>0.110320</td>\n",
       "    </tr>\n",
       "    <tr>\n",
       "      <th>Age</th>\n",
       "      <td>0.031319</td>\n",
       "      <td>-0.069822</td>\n",
       "      <td>-0.336512</td>\n",
       "      <td>-0.086506</td>\n",
       "      <td>1.000000</td>\n",
       "      <td>-0.232543</td>\n",
       "      <td>-0.171485</td>\n",
       "      <td>0.093707</td>\n",
       "      <td>0.020933</td>\n",
       "    </tr>\n",
       "    <tr>\n",
       "      <th>SibSp</th>\n",
       "      <td>-0.057686</td>\n",
       "      <td>-0.034040</td>\n",
       "      <td>0.081656</td>\n",
       "      <td>0.116348</td>\n",
       "      <td>-0.232543</td>\n",
       "      <td>1.000000</td>\n",
       "      <td>0.414542</td>\n",
       "      <td>0.160887</td>\n",
       "      <td>-0.068900</td>\n",
       "    </tr>\n",
       "    <tr>\n",
       "      <th>Parch</th>\n",
       "      <td>-0.001657</td>\n",
       "      <td>0.083151</td>\n",
       "      <td>0.016824</td>\n",
       "      <td>0.247508</td>\n",
       "      <td>-0.171485</td>\n",
       "      <td>0.414542</td>\n",
       "      <td>1.000000</td>\n",
       "      <td>0.217532</td>\n",
       "      <td>-0.040449</td>\n",
       "    </tr>\n",
       "    <tr>\n",
       "      <th>Fare</th>\n",
       "      <td>0.012703</td>\n",
       "      <td>0.255290</td>\n",
       "      <td>-0.548193</td>\n",
       "      <td>0.179958</td>\n",
       "      <td>0.093707</td>\n",
       "      <td>0.160887</td>\n",
       "      <td>0.217532</td>\n",
       "      <td>1.000000</td>\n",
       "      <td>0.226311</td>\n",
       "    </tr>\n",
       "    <tr>\n",
       "      <th>Embarked</th>\n",
       "      <td>-0.013166</td>\n",
       "      <td>0.169718</td>\n",
       "      <td>-0.164681</td>\n",
       "      <td>0.110320</td>\n",
       "      <td>0.020933</td>\n",
       "      <td>-0.068900</td>\n",
       "      <td>-0.040449</td>\n",
       "      <td>0.226311</td>\n",
       "      <td>1.000000</td>\n",
       "    </tr>\n",
       "  </tbody>\n",
       "</table>\n",
       "</div>"
      ],
      "text/plain": [
       "             PassengerId  Survived    Pclass       Sex       Age     SibSp  \\\n",
       "PassengerId     1.000000 -0.005028 -0.035330 -0.043136  0.031319 -0.057686   \n",
       "Survived       -0.005028  1.000000 -0.335549  0.541585 -0.069822 -0.034040   \n",
       "Pclass         -0.035330 -0.335549  1.000000 -0.127741 -0.336512  0.081656   \n",
       "Sex            -0.043136  0.541585 -0.127741  1.000000 -0.086506  0.116348   \n",
       "Age             0.031319 -0.069822 -0.336512 -0.086506  1.000000 -0.232543   \n",
       "SibSp          -0.057686 -0.034040  0.081656  0.116348 -0.232543  1.000000   \n",
       "Parch          -0.001657  0.083151  0.016824  0.247508 -0.171485  0.414542   \n",
       "Fare            0.012703  0.255290 -0.548193  0.179958  0.093707  0.160887   \n",
       "Embarked       -0.013166  0.169718 -0.164681  0.110320  0.020933 -0.068900   \n",
       "\n",
       "                Parch      Fare  Embarked  \n",
       "PassengerId -0.001657  0.012703 -0.013166  \n",
       "Survived     0.083151  0.255290  0.169718  \n",
       "Pclass       0.016824 -0.548193 -0.164681  \n",
       "Sex          0.247508  0.179958  0.110320  \n",
       "Age         -0.171485  0.093707  0.020933  \n",
       "SibSp        0.414542  0.160887 -0.068900  \n",
       "Parch        1.000000  0.217532 -0.040449  \n",
       "Fare         0.217532  1.000000  0.226311  \n",
       "Embarked    -0.040449  0.226311  1.000000  "
      ]
     },
     "execution_count": 5,
     "metadata": {},
     "output_type": "execute_result"
    }
   ],
   "source": [
    "data.corr()"
   ]
  },
  {
   "cell_type": "code",
   "execution_count": 6,
   "metadata": {},
   "outputs": [],
   "source": [
    "X = data[['Pclass','Sex','Fare','Embarked']]\n",
    "y = data['Survived']"
   ]
  },
  {
   "cell_type": "code",
   "execution_count": 7,
   "metadata": {},
   "outputs": [],
   "source": [
    "X_train, X_test, y_train, y_test = train_test_split(X, y, test_size=0.4, stratify=y, random_state=0)"
   ]
  },
  {
   "cell_type": "code",
   "execution_count": 11,
   "metadata": {},
   "outputs": [],
   "source": [
    "clf = SVC()\n",
    "\n",
    "scores = cross_val_score(clf, X_train, y_train, cv=5)"
   ]
  },
  {
   "cell_type": "code",
   "execution_count": 13,
   "metadata": {},
   "outputs": [],
   "source": [
    "m_score = scores.mean()"
   ]
  },
  {
   "cell_type": "code",
   "execution_count": 14,
   "metadata": {},
   "outputs": [
    {
     "name": "stdout",
     "output_type": "stream",
     "text": [
      "0.6791923822958913\n"
     ]
    }
   ],
   "source": [
    "print(m_score)"
   ]
  },
  {
   "cell_type": "code",
   "execution_count": null,
   "metadata": {},
   "outputs": [],
   "source": []
  }
 ],
 "metadata": {
  "kernelspec": {
   "display_name": "Python 3",
   "language": "python",
   "name": "python3"
  },
  "language_info": {
   "codemirror_mode": {
    "name": "ipython",
    "version": 3
   },
   "file_extension": ".py",
   "mimetype": "text/x-python",
   "name": "python",
   "nbconvert_exporter": "python",
   "pygments_lexer": "ipython3",
   "version": "3.7.6"
  }
 },
 "nbformat": 4,
 "nbformat_minor": 4
}
