{
 "cells": [
  {
   "cell_type": "code",
   "execution_count": 1,
   "metadata": {},
   "outputs": [],
   "source": [
    "import pandas as pd\n",
    "import numpy as np\n",
    "from sklearn.model_selection import train_test_split\n",
    "from sklearn.svm import SVC\n",
    "from sklearn.ensemble import RandomForestClassifier as RFC, VotingClassifier\n",
    "from sklearn.neural_network import MLPClassifier as MLP"
   ]
  },
  {
   "cell_type": "code",
   "execution_count": 2,
   "metadata": {},
   "outputs": [
    {
     "name": "stdout",
     "output_type": "stream",
     "text": [
      "<class 'pandas.core.frame.DataFrame'>\n",
      "RangeIndex: 891 entries, 0 to 890\n",
      "Data columns (total 12 columns):\n",
      " #   Column       Non-Null Count  Dtype  \n",
      "---  ------       --------------  -----  \n",
      " 0   PassengerId  891 non-null    int64  \n",
      " 1   Survived     891 non-null    int64  \n",
      " 2   Pclass       891 non-null    int64  \n",
      " 3   Name         891 non-null    object \n",
      " 4   Sex          891 non-null    object \n",
      " 5   Age          714 non-null    float64\n",
      " 6   SibSp        891 non-null    int64  \n",
      " 7   Parch        891 non-null    int64  \n",
      " 8   Ticket       891 non-null    object \n",
      " 9   Fare         891 non-null    float64\n",
      " 10  Cabin        204 non-null    object \n",
      " 11  Embarked     889 non-null    object \n",
      "dtypes: float64(2), int64(5), object(5)\n",
      "memory usage: 83.7+ KB\n"
     ]
    }
   ],
   "source": [
    "df = pd.read_csv('train.csv')\n",
    "df.info()"
   ]
  },
  {
   "cell_type": "code",
   "execution_count": 3,
   "metadata": {},
   "outputs": [
    {
     "data": {
      "text/plain": [
       "array(['S', 'C', 'Q', nan], dtype=object)"
      ]
     },
     "execution_count": 3,
     "metadata": {},
     "output_type": "execute_result"
    }
   ],
   "source": [
    "df['Embarked'].unique()"
   ]
  },
  {
   "cell_type": "code",
   "execution_count": 4,
   "metadata": {},
   "outputs": [
    {
     "data": {
      "text/html": [
       "<div>\n",
       "<style scoped>\n",
       "    .dataframe tbody tr th:only-of-type {\n",
       "        vertical-align: middle;\n",
       "    }\n",
       "\n",
       "    .dataframe tbody tr th {\n",
       "        vertical-align: top;\n",
       "    }\n",
       "\n",
       "    .dataframe thead th {\n",
       "        text-align: right;\n",
       "    }\n",
       "</style>\n",
       "<table border=\"1\" class=\"dataframe\">\n",
       "  <thead>\n",
       "    <tr style=\"text-align: right;\">\n",
       "      <th></th>\n",
       "      <th>PassengerId</th>\n",
       "      <th>Survived</th>\n",
       "      <th>Pclass</th>\n",
       "      <th>Sex</th>\n",
       "      <th>Age</th>\n",
       "      <th>SibSp</th>\n",
       "      <th>Parch</th>\n",
       "      <th>Fare</th>\n",
       "      <th>Embarked</th>\n",
       "    </tr>\n",
       "  </thead>\n",
       "  <tbody>\n",
       "    <tr>\n",
       "      <th>PassengerId</th>\n",
       "      <td>1.000000</td>\n",
       "      <td>-0.005007</td>\n",
       "      <td>-0.035144</td>\n",
       "      <td>-0.042939</td>\n",
       "      <td>0.036847</td>\n",
       "      <td>-0.057527</td>\n",
       "      <td>-0.001652</td>\n",
       "      <td>0.012658</td>\n",
       "      <td>-0.013166</td>\n",
       "    </tr>\n",
       "    <tr>\n",
       "      <th>Survived</th>\n",
       "      <td>-0.005007</td>\n",
       "      <td>1.000000</td>\n",
       "      <td>-0.338481</td>\n",
       "      <td>0.543351</td>\n",
       "      <td>-0.077221</td>\n",
       "      <td>-0.035322</td>\n",
       "      <td>0.081629</td>\n",
       "      <td>0.257307</td>\n",
       "      <td>0.169718</td>\n",
       "    </tr>\n",
       "    <tr>\n",
       "      <th>Pclass</th>\n",
       "      <td>-0.035144</td>\n",
       "      <td>-0.338481</td>\n",
       "      <td>1.000000</td>\n",
       "      <td>-0.131900</td>\n",
       "      <td>-0.369226</td>\n",
       "      <td>0.083081</td>\n",
       "      <td>0.018443</td>\n",
       "      <td>-0.549500</td>\n",
       "      <td>-0.164681</td>\n",
       "    </tr>\n",
       "    <tr>\n",
       "      <th>Sex</th>\n",
       "      <td>-0.042939</td>\n",
       "      <td>0.543351</td>\n",
       "      <td>-0.131900</td>\n",
       "      <td>1.000000</td>\n",
       "      <td>-0.093254</td>\n",
       "      <td>0.114631</td>\n",
       "      <td>0.245489</td>\n",
       "      <td>0.182333</td>\n",
       "      <td>0.110320</td>\n",
       "    </tr>\n",
       "    <tr>\n",
       "      <th>Age</th>\n",
       "      <td>0.036847</td>\n",
       "      <td>-0.077221</td>\n",
       "      <td>-0.369226</td>\n",
       "      <td>-0.093254</td>\n",
       "      <td>1.000000</td>\n",
       "      <td>-0.308247</td>\n",
       "      <td>-0.189119</td>\n",
       "      <td>0.096067</td>\n",
       "      <td>0.032565</td>\n",
       "    </tr>\n",
       "    <tr>\n",
       "      <th>SibSp</th>\n",
       "      <td>-0.057527</td>\n",
       "      <td>-0.035322</td>\n",
       "      <td>0.083081</td>\n",
       "      <td>0.114631</td>\n",
       "      <td>-0.308247</td>\n",
       "      <td>1.000000</td>\n",
       "      <td>0.414838</td>\n",
       "      <td>0.159651</td>\n",
       "      <td>-0.068900</td>\n",
       "    </tr>\n",
       "    <tr>\n",
       "      <th>Parch</th>\n",
       "      <td>-0.001652</td>\n",
       "      <td>0.081629</td>\n",
       "      <td>0.018443</td>\n",
       "      <td>0.245489</td>\n",
       "      <td>-0.189119</td>\n",
       "      <td>0.414838</td>\n",
       "      <td>1.000000</td>\n",
       "      <td>0.216225</td>\n",
       "      <td>-0.040449</td>\n",
       "    </tr>\n",
       "    <tr>\n",
       "      <th>Fare</th>\n",
       "      <td>0.012658</td>\n",
       "      <td>0.257307</td>\n",
       "      <td>-0.549500</td>\n",
       "      <td>0.182333</td>\n",
       "      <td>0.096067</td>\n",
       "      <td>0.159651</td>\n",
       "      <td>0.216225</td>\n",
       "      <td>1.000000</td>\n",
       "      <td>0.226311</td>\n",
       "    </tr>\n",
       "    <tr>\n",
       "      <th>Embarked</th>\n",
       "      <td>-0.013166</td>\n",
       "      <td>0.169718</td>\n",
       "      <td>-0.164681</td>\n",
       "      <td>0.110320</td>\n",
       "      <td>0.032565</td>\n",
       "      <td>-0.068900</td>\n",
       "      <td>-0.040449</td>\n",
       "      <td>0.226311</td>\n",
       "      <td>1.000000</td>\n",
       "    </tr>\n",
       "  </tbody>\n",
       "</table>\n",
       "</div>"
      ],
      "text/plain": [
       "             PassengerId  Survived    Pclass       Sex       Age     SibSp  \\\n",
       "PassengerId     1.000000 -0.005007 -0.035144 -0.042939  0.036847 -0.057527   \n",
       "Survived       -0.005007  1.000000 -0.338481  0.543351 -0.077221 -0.035322   \n",
       "Pclass         -0.035144 -0.338481  1.000000 -0.131900 -0.369226  0.083081   \n",
       "Sex            -0.042939  0.543351 -0.131900  1.000000 -0.093254  0.114631   \n",
       "Age             0.036847 -0.077221 -0.369226 -0.093254  1.000000 -0.308247   \n",
       "SibSp          -0.057527 -0.035322  0.083081  0.114631 -0.308247  1.000000   \n",
       "Parch          -0.001652  0.081629  0.018443  0.245489 -0.189119  0.414838   \n",
       "Fare            0.012658  0.257307 -0.549500  0.182333  0.096067  0.159651   \n",
       "Embarked       -0.013166  0.169718 -0.164681  0.110320  0.032565 -0.068900   \n",
       "\n",
       "                Parch      Fare  Embarked  \n",
       "PassengerId -0.001652  0.012658 -0.013166  \n",
       "Survived     0.081629  0.257307  0.169718  \n",
       "Pclass       0.018443 -0.549500 -0.164681  \n",
       "Sex          0.245489  0.182333  0.110320  \n",
       "Age         -0.189119  0.096067  0.032565  \n",
       "SibSp        0.414838  0.159651 -0.068900  \n",
       "Parch        1.000000  0.216225 -0.040449  \n",
       "Fare         0.216225  1.000000  0.226311  \n",
       "Embarked    -0.040449  0.226311  1.000000  "
      ]
     },
     "execution_count": 4,
     "metadata": {},
     "output_type": "execute_result"
    }
   ],
   "source": [
    "data = df.copy()\n",
    "data['Sex'] = data['Sex'].map({'male':0, 'female':1})\n",
    "data['Embarked'] = data['Embarked'].map({'S':0, 'C':2, 'Q':1})\n",
    "data.corr()"
   ]
  },
  {
   "cell_type": "code",
   "execution_count": 5,
   "metadata": {},
   "outputs": [
    {
     "name": "stdout",
     "output_type": "stream",
     "text": [
      "<class 'pandas.core.frame.DataFrame'>\n",
      "Int64Index: 889 entries, 0 to 890\n",
      "Data columns (total 12 columns):\n",
      " #   Column       Non-Null Count  Dtype  \n",
      "---  ------       --------------  -----  \n",
      " 0   PassengerId  889 non-null    int64  \n",
      " 1   Survived     889 non-null    int64  \n",
      " 2   Pclass       889 non-null    int64  \n",
      " 3   Name         889 non-null    object \n",
      " 4   Sex          889 non-null    int64  \n",
      " 5   Age          712 non-null    float64\n",
      " 6   SibSp        889 non-null    int64  \n",
      " 7   Parch        889 non-null    int64  \n",
      " 8   Ticket       889 non-null    object \n",
      " 9   Fare         889 non-null    float64\n",
      " 10  Cabin        202 non-null    object \n",
      " 11  Embarked     889 non-null    float64\n",
      "dtypes: float64(3), int64(6), object(3)\n",
      "memory usage: 90.3+ KB\n"
     ]
    }
   ],
   "source": [
    "data = data.dropna(axis=0, subset=['Embarked'])\n",
    "data.info()"
   ]
  },
  {
   "cell_type": "code",
   "execution_count": 6,
   "metadata": {},
   "outputs": [
    {
     "data": {
      "text/html": [
       "<div>\n",
       "<style scoped>\n",
       "    .dataframe tbody tr th:only-of-type {\n",
       "        vertical-align: middle;\n",
       "    }\n",
       "\n",
       "    .dataframe tbody tr th {\n",
       "        vertical-align: top;\n",
       "    }\n",
       "\n",
       "    .dataframe thead th {\n",
       "        text-align: right;\n",
       "    }\n",
       "</style>\n",
       "<table border=\"1\" class=\"dataframe\">\n",
       "  <thead>\n",
       "    <tr style=\"text-align: right;\">\n",
       "      <th></th>\n",
       "      <th>PassengerId</th>\n",
       "      <th>Survived</th>\n",
       "      <th>Pclass</th>\n",
       "      <th>Sex</th>\n",
       "      <th>Age</th>\n",
       "      <th>SibSp</th>\n",
       "      <th>Parch</th>\n",
       "      <th>Fare</th>\n",
       "      <th>Embarked</th>\n",
       "    </tr>\n",
       "  </thead>\n",
       "  <tbody>\n",
       "    <tr>\n",
       "      <th>PassengerId</th>\n",
       "      <td>1.000000</td>\n",
       "      <td>-0.005028</td>\n",
       "      <td>-0.035330</td>\n",
       "      <td>-0.043136</td>\n",
       "      <td>0.033681</td>\n",
       "      <td>-0.057686</td>\n",
       "      <td>-0.001657</td>\n",
       "      <td>0.012703</td>\n",
       "      <td>-0.013166</td>\n",
       "    </tr>\n",
       "    <tr>\n",
       "      <th>Survived</th>\n",
       "      <td>-0.005028</td>\n",
       "      <td>1.000000</td>\n",
       "      <td>-0.335549</td>\n",
       "      <td>0.541585</td>\n",
       "      <td>-0.082446</td>\n",
       "      <td>-0.034040</td>\n",
       "      <td>0.083151</td>\n",
       "      <td>0.255290</td>\n",
       "      <td>0.169718</td>\n",
       "    </tr>\n",
       "    <tr>\n",
       "      <th>Pclass</th>\n",
       "      <td>-0.035330</td>\n",
       "      <td>-0.335549</td>\n",
       "      <td>1.000000</td>\n",
       "      <td>-0.127741</td>\n",
       "      <td>-0.365902</td>\n",
       "      <td>0.081656</td>\n",
       "      <td>0.016824</td>\n",
       "      <td>-0.548193</td>\n",
       "      <td>-0.164681</td>\n",
       "    </tr>\n",
       "    <tr>\n",
       "      <th>Sex</th>\n",
       "      <td>-0.043136</td>\n",
       "      <td>0.541585</td>\n",
       "      <td>-0.127741</td>\n",
       "      <td>1.000000</td>\n",
       "      <td>-0.099037</td>\n",
       "      <td>0.116348</td>\n",
       "      <td>0.247508</td>\n",
       "      <td>0.179958</td>\n",
       "      <td>0.110320</td>\n",
       "    </tr>\n",
       "    <tr>\n",
       "      <th>Age</th>\n",
       "      <td>0.033681</td>\n",
       "      <td>-0.082446</td>\n",
       "      <td>-0.365902</td>\n",
       "      <td>-0.099037</td>\n",
       "      <td>1.000000</td>\n",
       "      <td>-0.307351</td>\n",
       "      <td>-0.187896</td>\n",
       "      <td>0.093143</td>\n",
       "      <td>0.032565</td>\n",
       "    </tr>\n",
       "    <tr>\n",
       "      <th>SibSp</th>\n",
       "      <td>-0.057686</td>\n",
       "      <td>-0.034040</td>\n",
       "      <td>0.081656</td>\n",
       "      <td>0.116348</td>\n",
       "      <td>-0.307351</td>\n",
       "      <td>1.000000</td>\n",
       "      <td>0.414542</td>\n",
       "      <td>0.160887</td>\n",
       "      <td>-0.068900</td>\n",
       "    </tr>\n",
       "    <tr>\n",
       "      <th>Parch</th>\n",
       "      <td>-0.001657</td>\n",
       "      <td>0.083151</td>\n",
       "      <td>0.016824</td>\n",
       "      <td>0.247508</td>\n",
       "      <td>-0.187896</td>\n",
       "      <td>0.414542</td>\n",
       "      <td>1.000000</td>\n",
       "      <td>0.217532</td>\n",
       "      <td>-0.040449</td>\n",
       "    </tr>\n",
       "    <tr>\n",
       "      <th>Fare</th>\n",
       "      <td>0.012703</td>\n",
       "      <td>0.255290</td>\n",
       "      <td>-0.548193</td>\n",
       "      <td>0.179958</td>\n",
       "      <td>0.093143</td>\n",
       "      <td>0.160887</td>\n",
       "      <td>0.217532</td>\n",
       "      <td>1.000000</td>\n",
       "      <td>0.226311</td>\n",
       "    </tr>\n",
       "    <tr>\n",
       "      <th>Embarked</th>\n",
       "      <td>-0.013166</td>\n",
       "      <td>0.169718</td>\n",
       "      <td>-0.164681</td>\n",
       "      <td>0.110320</td>\n",
       "      <td>0.032565</td>\n",
       "      <td>-0.068900</td>\n",
       "      <td>-0.040449</td>\n",
       "      <td>0.226311</td>\n",
       "      <td>1.000000</td>\n",
       "    </tr>\n",
       "  </tbody>\n",
       "</table>\n",
       "</div>"
      ],
      "text/plain": [
       "             PassengerId  Survived    Pclass       Sex       Age     SibSp  \\\n",
       "PassengerId     1.000000 -0.005028 -0.035330 -0.043136  0.033681 -0.057686   \n",
       "Survived       -0.005028  1.000000 -0.335549  0.541585 -0.082446 -0.034040   \n",
       "Pclass         -0.035330 -0.335549  1.000000 -0.127741 -0.365902  0.081656   \n",
       "Sex            -0.043136  0.541585 -0.127741  1.000000 -0.099037  0.116348   \n",
       "Age             0.033681 -0.082446 -0.365902 -0.099037  1.000000 -0.307351   \n",
       "SibSp          -0.057686 -0.034040  0.081656  0.116348 -0.307351  1.000000   \n",
       "Parch          -0.001657  0.083151  0.016824  0.247508 -0.187896  0.414542   \n",
       "Fare            0.012703  0.255290 -0.548193  0.179958  0.093143  0.160887   \n",
       "Embarked       -0.013166  0.169718 -0.164681  0.110320  0.032565 -0.068900   \n",
       "\n",
       "                Parch      Fare  Embarked  \n",
       "PassengerId -0.001657  0.012703 -0.013166  \n",
       "Survived     0.083151  0.255290  0.169718  \n",
       "Pclass       0.016824 -0.548193 -0.164681  \n",
       "Sex          0.247508  0.179958  0.110320  \n",
       "Age         -0.187896  0.093143  0.032565  \n",
       "SibSp        0.414542  0.160887 -0.068900  \n",
       "Parch        1.000000  0.217532 -0.040449  \n",
       "Fare         0.217532  1.000000  0.226311  \n",
       "Embarked    -0.040449  0.226311  1.000000  "
      ]
     },
     "execution_count": 6,
     "metadata": {},
     "output_type": "execute_result"
    }
   ],
   "source": [
    "data.corr()"
   ]
  },
  {
   "cell_type": "code",
   "execution_count": 7,
   "metadata": {},
   "outputs": [],
   "source": [
    "label = data['Survived']\n",
    "data = data.drop(labels=['PassengerId', 'Survived', 'Name', 'Age', 'SibSp', 'Parch', 'Ticket', 'Cabin'], axis=1)"
   ]
  },
  {
   "cell_type": "code",
   "execution_count": 8,
   "metadata": {},
   "outputs": [],
   "source": [
    "X_train, X_test, y_train, y_test = train_test_split(data, label, test_size=0.4, stratify=label, random_state=10)"
   ]
  },
  {
   "cell_type": "code",
   "execution_count": 9,
   "metadata": {},
   "outputs": [
    {
     "name": "stderr",
     "output_type": "stream",
     "text": [
      "/usr/local/var/pyenv/versions/3.7.6/lib/python3.7/site-packages/sklearn/neural_network/_multilayer_perceptron.py:585: ConvergenceWarning: Stochastic Optimizer: Maximum iterations (200) reached and the optimization hasn't converged yet.\n",
      "  % self.max_iter, ConvergenceWarning)\n"
     ]
    }
   ],
   "source": [
    "models = {\n",
    "    'SVM': SVC(C=1000, gamma=1e-5),\n",
    "    'RandomForest': RFC(max_depth=5, n_estimators=20),\n",
    "    'MachineLearning': MLP(hidden_layer_sizes=10)\n",
    "}\n",
    "scores = {}\n",
    "for model_name, model in models.items():\n",
    "    model.fit(X_train, y_train)\n",
    "    scores[(model_name, 'train_score')] = model.score(X_train, y_train)\n",
    "    scores[(model_name, 'test_score')] = model.score(X_test, y_test)\n"
   ]
  },
  {
   "cell_type": "code",
   "execution_count": 10,
   "metadata": {},
   "outputs": [
    {
     "data": {
      "text/html": [
       "<div>\n",
       "<style scoped>\n",
       "    .dataframe tbody tr th:only-of-type {\n",
       "        vertical-align: middle;\n",
       "    }\n",
       "\n",
       "    .dataframe tbody tr th {\n",
       "        vertical-align: top;\n",
       "    }\n",
       "\n",
       "    .dataframe thead th {\n",
       "        text-align: right;\n",
       "    }\n",
       "</style>\n",
       "<table border=\"1\" class=\"dataframe\">\n",
       "  <thead>\n",
       "    <tr style=\"text-align: right;\">\n",
       "      <th></th>\n",
       "      <th>test_score</th>\n",
       "      <th>train_score</th>\n",
       "    </tr>\n",
       "  </thead>\n",
       "  <tbody>\n",
       "    <tr>\n",
       "      <th>MachineLearning</th>\n",
       "      <td>0.780899</td>\n",
       "      <td>0.778612</td>\n",
       "    </tr>\n",
       "    <tr>\n",
       "      <th>RandomForest</th>\n",
       "      <td>0.811798</td>\n",
       "      <td>0.853659</td>\n",
       "    </tr>\n",
       "    <tr>\n",
       "      <th>SVM</th>\n",
       "      <td>0.778090</td>\n",
       "      <td>0.784240</td>\n",
       "    </tr>\n",
       "  </tbody>\n",
       "</table>\n",
       "</div>"
      ],
      "text/plain": [
       "                 test_score  train_score\n",
       "MachineLearning    0.780899     0.778612\n",
       "RandomForest       0.811798     0.853659\n",
       "SVM                0.778090     0.784240"
      ]
     },
     "execution_count": 10,
     "metadata": {},
     "output_type": "execute_result"
    }
   ],
   "source": [
    "pd.Series(scores).unstack()"
   ]
  },
  {
   "cell_type": "code",
   "execution_count": 11,
   "metadata": {},
   "outputs": [
    {
     "data": {
      "text/plain": [
       "dict_items([('SVM', SVC(C=1000, gamma=1e-05)), ('RandomForest', RandomForestClassifier(max_depth=5, n_estimators=20)), ('MachineLearning', MLPClassifier(hidden_layer_sizes=10))])"
      ]
     },
     "execution_count": 11,
     "metadata": {},
     "output_type": "execute_result"
    }
   ],
   "source": [
    "models.items()"
   ]
  },
  {
   "cell_type": "code",
   "execution_count": 17,
   "metadata": {},
   "outputs": [
    {
     "name": "stderr",
     "output_type": "stream",
     "text": [
      "/usr/local/var/pyenv/versions/3.7.6/lib/python3.7/site-packages/sklearn/neural_network/_multilayer_perceptron.py:585: ConvergenceWarning: Stochastic Optimizer: Maximum iterations (200) reached and the optimization hasn't converged yet.\n",
      "  % self.max_iter, ConvergenceWarning)\n"
     ]
    },
    {
     "data": {
      "text/plain": [
       "0.7865168539325843"
      ]
     },
     "execution_count": 17,
     "metadata": {},
     "output_type": "execute_result"
    }
   ],
   "source": [
    "clf_vote = VotingClassifier(estimators=[('SVM', SVC(C=1000, gamma=1e-5)), ('RandomForest', RFC(max_depth=5, n_estimators=20)), (('MachineLearning'), MLP(hidden_layer_sizes=10))], voting='hard', weights=[2,1,1])\n",
    "clf_vote.fit(X_train, y_train)\n",
    "clf_vote.score(X_test, y_test)"
   ]
  },
  {
   "cell_type": "code",
   "execution_count": null,
   "metadata": {},
   "outputs": [],
   "source": []
  }
 ],
 "metadata": {
  "kernelspec": {
   "display_name": "Python 3",
   "language": "python",
   "name": "python3"
  },
  "language_info": {
   "codemirror_mode": {
    "name": "ipython",
    "version": 3
   },
   "file_extension": ".py",
   "mimetype": "text/x-python",
   "name": "python",
   "nbconvert_exporter": "python",
   "pygments_lexer": "ipython3",
   "version": "3.7.6"
  }
 },
 "nbformat": 4,
 "nbformat_minor": 4
}
